PRICE
143.98
495.4
355.72
207.73
459.7
352.97
495.79
601.3
326.52
337.75
391.86
255.06
195.09
305.42
233.58
537.19
228.09
527.9
220.36
180.56
553.92
264.91
236.28
170.22
259.06
421.27
401.44
380.23
295.79
464.5
320.13
283.99
415.05
448.59
548.6
209.29
347.4
288.51
480.14
301.54
369.75
374.37
229.22
505.27
365.71
153.42
234.4
193.42
292.77
301.33
312.86
458.35
552.83
387.8
495.49
196.68
277.97
233.83
487.38
163.53
430.83
263.16
306.95
449.0
380.66
480.76
433.19
109.12
485.02
447.59
250.62
521.45
179.47
311.42
521.48
358.5
485.8
226.42
370.75
300.37
165.25
352.82
194.9
201.94
420.09
611.27
364.76
230.2
305.09
354.6
166.46
485.65
315.81
492.75
308.66
280.17
226.01
220.06
594.05
388.62
331.38
235.89
342.53
148.41
435.65
364.97
321.78
273.35
208.07
345.59
472.01
567.55
548.55
413.55
336.79
499.93
528.61
555.04
222.25
439.13
192.91
231.82
301.91
138.82
433.62
508.43
224.79
435.88
399.57
278.06
208.74
162.38
183.57
345.9
340.94
414.85
255.78
358.24
423.95
473.7
357.74
253.99
328.95
285.83
251.85
460.42
370.1
388.21
121.4
420.77
164.41
410.49
285.7
470.16
144.04
191.48
109.33
196.64
364.1
297.19
298.81
306.43
206.39
459.25
147.8
458.31
325.72
424.94
475.17
272.45
334.22
560.29
506.77
235.52
145.22
499.17
491.26
433.48
425.63
485.04
396.46
176.22
301.8
252.39
414.75
496.68
452.28
153.0
483.4
434.29
469.16
461.44
281.75
285.9
223.61
247.62
515.08
240.85
342.39
264.91
289.63
453.05
214.46
492.23
545.5
163.48
234.94
451.4
427.53
424.56
332.07
490.18
414.27
497.58
305.26
417.67
247.29
155.89
537.21
486.95
336.24
551.92
407.34
420.8
205.41
448.71
214.45
290.96
261.97
465.66
172.43
311.24
149.59
112.44
420.93
428.12
482.67
280.62
402.99
525.92
334.0
354.88
397.97
384.35
284.84
286.71
376.56
535.12
174.76
426.19
324.89
304.46
451.91
363.45
605.86
239.76
153.11
265.61
314.03
517.85
351.38
489.89
157.7
340.88
527.26
490.58
375.89
217.85
343.36
312.69
154.23
454.56
171.51
340.04
472.45
284.73
372.42
381.7
346.48
263.61
432.58
496.76
509.27
408.31
344.8
427.47
220.45
237.14
196.25
179.62
381.51
196.95
369.04
189.22
270.75
504.65
470.68
202.13
338.78
138.97
532.3
314.07
556.85
275.38
403.53
298.07
492.98
467.82
359.76
542.82
425.33
311.39
221.41
320.57
549.29
516.71
207.3
167.48
211.68
230.09
181.26
227.46
359.06
318.24
464.67
400.21
179.41
460.89
443.16
379.06
475.68
244.15
251.78
359.21
264.99
206.3
268.44
445.84
237.47
495.29
364.29
452.22
243.46
224.52
172.3
474.78
560.47
453.18
380.89
462.05
446.99
406.48
309.4
299.61
304.22
343.48
161.62
322.24
265.19
531.58
282.82
282.05
285.8
334.82
375.41
295.66
513.95
479.6
367.01
462.84
247.91
237.63
351.4
515.82
321.69
371.86
296.21
176.65
393.8
254.76
283.96
224.0
202.35
253.47
285.86
130.92
254.84
242.21
526.37
289.16
528.14
398.8
227.72
153.51
302.44
533.45
366.61
264.23
277.08
360.78
297.2
420.32
418.86
376.44
329.42
279.52
129.78
451.67
85.55
249.87
283.87
346.46
438.32
265.64
387.58
420.12
355.67
484.43
370.31
356.41
386.51
443.67
450.86
163.03
242.72
360.35
318.38
490.56
201.51
193.77
253.64
395.42
216.96
293.21
434.53
285.79
224.79
313.04
474.34
384.39
477.49
380.48
181.01
359.42
175.01
503.55
226.94
149.57
247.14
329.08
302.97
233.79
314.13
507.81
281.83
242.13
309.28
323.69
317.95
219.22
259.16
155.62
380.26
472.33
186.57
512.09
441.56
360.75
384.26
489.43
192.39
248.17
385.01
149.52
352.53
470.94
238.78
447.6
119.38
391.32
428.34
547.66
250.05
301.98
499.13
268.72
347.58
371.93
315.02
484.47
351.09
482.96
324.91
331.29
487.34
194.98
199.2
180.85
349.9
467.44
279.71
195.82
189.0
383.09
325.07
524.17
425.33
426.39
568.12
400.24
299.59
293.74
317.38
343.39
391.96
517.69
236.45
453.98
299.78
295.11
237.78
412.6
451.79
565.76
296.58
104.17
333.32
493.43
215.22
376.02
297.8
347.14
479.95
399.72
499.76
362.8
153.68
459.17
221.96
324.72
255.71
145.81
450.01
269.1
473.67
322.55
346.17
328.0
481.22
217.6
416.82
147.06
208.68
251.43
439.74
411.76
431.25
231.24
628.75
492.17
539.05
283.41
402.36
533.75
335.36
570.51
369.42
438.33
285.99
395.03
483.61
193.29
192.6
485.39
304.94
242.73
434.21
450.46
324.4
195.28
496.4
360.27
331.39
453.67
442.22
217.63
490.42
452.16
149.75
234.62
269.17
315.94
285.98
329.14
563.64
344.48
297.05
384.27
495.04
206.82
248.17
182.26
528.81
506.61
267.8
421.35
175.66
509.08
485.03
491.93
539.67
395.23
293.67
497.81
312.16
584.09
211.57
463.12
401.5
128.0
495.38
444.13
531.95
309.46
183.36
357.61
152.11
215.67
202.72
175.7
328.07
384.56
431.07
481.79
227.06
286.47
247.92
221.03
406.39
389.19
134.97
442.04
403.76
122.57
304.08
457.49
350.48
229.75
308.56
362.81
172.77
371.77
407.58
407.56
432.94
370.85
261.16
420.19
482.25
134.29
466.84
232.96
435.32
261.84
321.0
200.3
575.98
249.41
474.23
575.77
429.44
166.66
371.12
394.82
378.5
290.89
276.1
156.12
268.83
430.44
227.7
238.84
221.49
389.57
374.78
276.88
328.99
444.26
99.71
434.12
471.62
476.74
364.6
365.24
162.07
234.18
160.97
321.49
306.18
526.46
361.6
348.04
296.33
289.33
350.95
451.46
181.93
486.26
347.78
205.37
112.65
435.07
236.65
328.88
584.49
498.23
414.74
217.77
212.7
491.81
61.48
531.29
172.02
469.63
501.54
145.54
508.64
452.49
244.56
468.23
394.52
397.14
267.65
645.99
219.49
418.6
209.45
186.3
523.73
351.16
226.71
203.0
445.27
152.14
316.65
309.71
432.42
295.65
382.8
252.11
160.27
178.98
363.28
258.66
275.73
350.4
450.13
230.71
348.12
220.78
321.39
549.69
172.64
306.17
482.52
219.17
492.78
256.85
276.12
398.34
271.37
513.25
491.08
501.16
437.77
391.33
293.18
514.06
438.86
533.13
296.55
273.2
199.9
175.62
151.64
369.16
183.14
241.27
458.3
254.39
469.22
444.35
380.09
342.73
165.24
287.13
453.48
482.38
455.38
292.57
